1487546210
2058598792
1434309927
36841953
2090351490
1945875439
2007975568
448546353
1449406576
354556
1968781675
4875144
2105774757
2084052715
1881821082
1847969853
1864554578
1975672772
2093250080
2602863723
191252
277820
1843254389
2044853934
2083819719
28188171
1888354230
1963176984
1334659052
32619105
1983761233
1447744468
2600797714
1948817707
2036809488
2139440797
2096458224
66525
2043177987
1994253743
2137074704
1900792708
442314990
2160489141
1396005540
297495
189718
2604630100
1386751262
316106
2159884420
1809760190
2045089372
2156913601
1847496273
1930790961
2056970420
1844385599
209108
1954957361
2166118151
442869203
2052403827
2109400323
1959667345
2121966552
2067808196
26344154
479979440
1951994235
133998
1969841968
430026025
2074448544
1950525404
481535597
2166790863
1373503466
507364050
1353010330
150656
2150666845
2154104341
418550479
1435533788
2011869676
2056207554
1888354255
29418062
2603345049
2100677937
437290277
233926
1863421765
1880167690
1882642256
2009011359
1938019293
2103764064
2156224584
2140155472
1426312744
1888354264
2603347233
287231
2032433499
1823972776
2085770262
4874264
2094081707
2149543676
277367
1882400889
1406648887
2121122519
1861479524
139764
326987
85571
2051580537
2103011013
1327057005
2148786277
205320
82184
1923184888
2106345517
1454479718
108109
530995556
2006224434
2091937569
1413585838
1499014574
420401511
1876431474
1979657836
482056804
276995
2052403824
2050391293
82453
2165457999
2060740140
27731177
2044809740
1999310167
2149243877
239144
2604907727
93213
2099907912
2090731679
189563
1846273697
26082345
316096
2156161161
1941265858
1346219879
82360
2131562485
1387607550
2165462568
1293886117
2154129045
2149460516
2602411474
2124173366
2151320466
1937051360
2122979412
2161934818
1480378519
29764634
2103368327
1344897943
2041974276
2048584487
411214279
2146388100
2108828148
30431377
1453326529
1807799504
1905931174
2149851399
1818081648
1913478990
139652
1454670699
2601604419
1953436735
2063468929
2124389710
1934322814
2602620790
2092609468
2138935800
239132
1358852245
2048637667
431610014
1939215517
25643227
421563717
2133233572
2108581810
1358848473
409302163
2016388224
1867217766
139893
1471804734
2024224462
327096
2166788110
2148925550
1416353252
1371939273
1330563818
1432808295
1823076294
1913549535
2107560170
2085743277
2602622656
1888390725
36270426
2077298235
2158972598
2148786997
1356429308
2120782620
2134501428
1850795807
1393659632
1299550532
1377574956
1443838552
2156161163
2149978660
2095788526
1950528144
28949444
442869471
1988564487
2166071862
1926623288
518686034
1880216159
28592093
2061978961
1413477628
1426032478
1973067211
420513275
22200077
1969841316
28445717
2067796497
167850
2074367145
2120758546
544151108
1940963790
1941742260
34228128
1988302067
2024001955
1446309763
2013415047
548785552
191278
2601985829
2150742015
2151234848
2125909283
2072391696
2014291207
2041788168
1969841315
2103367319
2156113791
1981056341
186211
1869260489
108098
1305366556
29827507
2085753346
1944644041
1869728598
1969845257
549320309
33190545
326893
557583014
1844442105
5255987
354553
2122105619
522511677
2602660097
2104687387
19292800
2166790845
1976485113
287744
25642111
2044830825
1436076578
2108115518
1926932205
139848
1960307795
442869204
2158761955
209046
28819837
2157835646
2112502986
2153522048
1839243729
1366216050
1855286224
2161570791
2146094498
1945878296
2132451594
30431375
1444723554
1347692190
2164199484
208950
2602954339
1391252896
233889
191060
1849998058
438204707
1927389937
82366
1890445443
525278984
2095550186
1984488541
416552313
145455
5236306
2096168411
428375575
2149816865
82187
1992083081
2104377249
569212211
167885
2068042776
2117612055
1954038888
2005552816
2135822007
1411793721
1449116720
1909955412
1313107926
2093235523
1474114788
2026224205
401249910
2049212551
2164765878
2045141907
514761281
1999010719
2603850902
30953009
458496908
400875269
2160850755
1336856864
1439219762
1916213996
326784
1962142223
2163549618
2128216832
27955658
1844448537
1377544581
2048895127
526121411
19945726
2100334024
1401710703
139558
2046984506
1496585178
4874569
2009616894
1970560265
2108827884
1974444806
2150401696
2052404492
29979822
2157818568
2100671888
1456661032
1825667782
1860567964
2160758314
1913779917
150430
25884677
2092481208
1955223133
1480380027
1807796549
326942
2100329022
1956519419
1456393572
2031712789
2042604359
472137749
27731176
2604167107
2160331794
26082347
442869201
2089716351
150619
354839
2050399995
2056170674
36024442
1837035989
1323304284
1862592546
31877581
1908083426
1496579012
2602622183
2150597914
1948277151
2080477058
2008691523
2162780481
2081323083
31877244
1344814341
2137508424
541687281
1917380040
36392029
2030767034
2025185434
1459261755
1499345116
481853239
2151851472
516657051
2041799838
1908083479
1335841187
135430
1940627790
2602989934
522511499
85595
2066628581
2145065424
1947537070
1837205353
2120782602
2115494884
25642144
1479507262
2066766855
28854182
1448183660
108118
1950528145
491787693
2122308127
1889702364
449818741
403710393
1927438231
2155927206
209121
419646629
2008948962
2166067707
1495949919
1456890009
1892514735
1336856498
2122308128
29572506
25642139
501133611
185700
1495941782
1920994634
1941330888
423776423
2137141820
2165811387
461544611
563563366
30398681
1888390720
471385043
1875497943
452601948
1963443271
2081183881
1995496604
2602954338
22200073
28191532
447202288
1382596724
1407551413
2159397459
2163617298
1482659694
2123176045
2058922705
2058139099
2149407138
1979321528
1999597229
1501530177
326904
2155967729
2603850809
2075856775
447926067
2601180810
1984888642
2150497026
2052092037
514765154
574919767
1338146899
1325711261
139854
2063468936
327157
1421558986
2151882571
1983464993
2012152086
1370112484
1969039800
1840192925
18638050
1828026086
2132213614
2157870169
1919891734
2007281783
354811
2070341342
464674405
1380312427
1918575362
1908083436
2110690387
1832633339
2156439171
2092227301
1845651956
2600134624
2046805527
2603172898
1821459466
2029190676
1358848616
2052348113
2110297497
29343845
28432280
2036171787
354682
2124483119
2137434542
2013417750
2066138214
36392027
1478143208
2001290843
2113111522
418279521
1446958138
2154889185
2046182502
1814080666
1390453619
165361
1368754724
174944
2159184104
523249083
205395
1488295193
1994328481
1316330544
2042918630
2160035121
2602953844
354824
1961990684
2152040455
2151849447
35847559
1993067584
442314991
2062730658
167882
1847496271
1431351640
205340
2147413452
1480280185
2081526526
2085440786
2110700886
32192765
1425371292
1358848618
1878315612
1493721315
2120532936
1327566544
2123663153
1318235595
2036808675
574921549
1917234176
1380262830
2061684613
189688
1903876057
2100705899
546279760
2100329013
1406472218
1412744709
1294910244
1382781549
2008015051
2066755272
1394151228
1374056689
1305960097
4874572
2166788155
2098952663
2029895485
32098468
2145165973
208933
1914940725
1404746581
440317256
18638059
1864737607
1407214788
1460682363
1371780785
2141264297
2060731968
2602690075
2151853884
2086205207
2150563504
2100690773
2132153891
2034881346
2061887798
25648006
2150798625
2601180811
2007074077
1932047265
501491063
2147407558
145650
1888390788
1812952164
93190
2034822108
2098199840
1950272623
2602954340
2599936993
571338279
2122700931
1974443817
2073461553
2600518146
2056963101
2067222280
2160754982
2164880569
29794921
2063468891
1809667099
1461142410
2022072826
1850951165
1444691726
489302317
1449782341
2069006728
2147408164
34179904
2006151425
2013417765
29567193
2023893722
31152310
1447197941
2166118123
2165610149
2165750615
2161527938
2094075270
1807799506
108110
455420533
28387868
326844
327119
2133753264
5247625
31877515
2158894840
4873125
1957572119
1813786796
1429271401
2126145413
2105435473
2164260202
2052408650
28445719
316108
306662
1332686021
2147121102
5239638
1974391626
2148786275
2600219405
1368756097
1359356908
1958429133
2077280756
2127432751
1925100230
521749251
1440802870
186345
1369044097
525063410
1474430516
2091379532
2161934824
1885427474
85562
37856478
1422474741
1949075851
2108778066
1989430006
1976787301
25707139
1471804733
567999629
31311140
167744
27630280
1859245776
1908949519
1480380026
1336856449
1997294929
1951316796
277302
2124821242
2158286660
36392024
2006224438
1996821332
1320100120
1900998233
1984474579
2154102412
1806331544
1493083969
1808660013
2106790547
2605458318
2605378179
1902009086
2050059013
1892552475
1913421961
189552
1375479612
2075583674
1995456224
326843
1357399300
1858696234
523041190
1384283834
2140776001
1965964137
2048786994
2123002875
1331593956
25638720
2154544942
2113813639
2150399877
440317244
2124389712
2052409208
2003576550
2080177728
81890
2052144641
1420972635
442867526
1818237485
864498975
1908487538
30051774
2141976898
2148511978
2033902938
1423179415
30612793
2605223130
1458220433
1969585074
1909651843
407450223
2110777947
1971817695
566521546
22740082
1358848619
1950528149
34690692
1872968272
1335841190
1465313631
1994057212
139688
2163982959
1385919432
1907765698
438803200
1922633747
2023202526
2081956415
1518938
1480380028
2015889678
27747330
1433786440
2080861627
1945875437
419827614
1369601580
326881
1813330721
150651
27678655
1441214393
2108827013
1470882380
2077791459
2067808259
1992339351
1884596464
2059814177
2137036712
1995495094
2046186937
25642119
1473721141
1438136226
1979604586
202369
2009017158
2601180812
34125003
1984317096
2045089380
493735012
208893
1962791842
1482659236
1463362956
1971708619
2091082528
2022072825
1330348068
277382
1444140174
354550
2108827960
2150400243
531786028
1432456852
1974444807
33705768
2116798541
2111868667
2020321971
557628382
1852275749
1872177206
29897527
2108828245
2149816928
2118463453
2104598736
1321929928
327090
552594869
1468768062
2137880860
2149261427
2013102255
2040835985
2082079879
1985345079
1807796555
2059814165
2091126556
239188
1945878289
2152076276
1421443440
167732
233931
2135822008
25642952
1306498831
2137097197
1927385912
1803546393
2149816862
1303273422
2149093564
1974403336
2094410201
2038508476
2018733994
1372762575
437608773
1458990369
2128637234
1465310744
36496695
2602625641
1303027499
2152294554
2073368155
2166539020
1950272622
2104377250
2050717254
2145737776
2600797312
28987543
31654343
2065926839
2602622179
1336871780
2105423832
1975802964
2151851567
28445722
2101709749
28854233
2162394622
2139729352
1910911958
1862710424
2103541762
2081170392
530986052
1403741617
1896178201
327247
30903117
2143920215
5251209
1810711312
1480380031
1954943462
150671
2105696484
2044809830
1996909642
445702397
2165789568
2156161164
2043125519
2047034292
1408941728
2601180809
2144855379
1487212156
2154257586
2153134107
2106768740
82486
2099673527
1890718614
167844
1938315233
1890718617
2006229679
431855964
27907667
2163258731
1294378245
2163552936
1909082622
2159313505
2150309815
1938019498
1415967467
1408983926
2063864551
2102129290
441491080
2006948925
438462856
1408017141
26269002
2133216978
1846094285
2061964454
2157011197
525086802
2166539923
28411279
27591609
2047787698
2138512875
39227682
1940771896
1962368708
2166788095
553753970
1992338319
1428166904
2146228675
25648017
2161990998
1909926104
176037
2149849490
208938
2094477670
2154551220
2066756882
1411558182
2149174066
1940943649
1859652717
1930969685
2082445010
2113903609
327419
1974443815
29710981
150561
423406145
1888407050
297494
2144694164
2147232349
1941258524
1443635905
2048584480
1907766514
2044808338
27646687
2600443395
1923483972
1950277662
1821459468
27747326
501220106
1487559109
1826189041
1970396862
2009744753
2154102422
1983172256
2158996255
2127949295
202368
1466027974
27713963
2090605532
2160135429
2107415924
1398283847
189907
2600746427
1989423797
1962142222
539820204
1358247613
2099310936
1866754390
412902075
150654
276904
2019707871
2092222867
2111034568
2091889038
139808
2121611658
1400910123
2108872620
1460681775
569212210
30431364
1469041281
2111048433
2066744269
553310138
1972975002
2124731026
1473720185
30260028
2072622496
277586
442869475
2026812798
167870
2034187419
1400612768
277759
2141630848
1405283464
85587
2115281755
92821
1342633205
1449110668
2602631855
1416382845
1391891631
2152379489
1426022019
2074099995
169185
2103367323
2108780097
1891469546
1474411443
2163619013
1431291107
2006747976
2603052392
1919218299
176028
2106791479
2144800305
2150496824
1945875470
1381609436
1958429058
2048371124
1906301231
2042588153
27955654
1945878286
2043126974
1821461698
447925066
1329630571
2127872173
1872071235
2094467344
2004406030
239137
1929036113
1899473139
28561288
288563
2090583673
29567189
1495784715
1951314927
1941900423
2030766928
1480378521
1495888737
2086056881
5268423
2156439313
1995495104
1957782205
558290126
1409003291
2106791503
28211166
1437030961
1335640994
2086327879
1357785909
2154102388
2155804121
2101284481
2162930129
1815684465
167888
1488540754
2024035483
2158973717
2152956085
1888357141
2088887669
27483167
1491242274
2128204707
1351219567
573168769
1947375474
2161997225
2600433769
1361345753
32835565
421423806
1961298272
26117675
1950306317
1436910205
2156223746
1478400940
1808053189
1804563055
2021543605
354749
2135519685
29764562
31246855
191254
2163982868
327115
1808963411
167691
2078278686
2148516660
139703
1816826089
1368754688
519935280
2158973221
1951974231
1844152730
5241922
1959528822
2162398636
2104377398
447280427
1822712479
2130361636
1453055965
2046805638
548785555
526468556
571758505
34072434
2149167150
1894878268
2006789426
85569
26211169
2127714165
2122242399
2111440895
36668117
2161997238
1922296982
1819221726
2114994151
2166489612
108103
2124389674
205342
31877644
1473782328
2120131658
108108
1919892425
2604907737
479598964
139889
2056751741
1439695754
2092978492
208958
2124115505
1933605915
1828795299
2100674620
2114123288
420922950
508319498
2116492739
1814792375
150623
2160850649
2604907965
1903149553
1349292048
1369034687
2606303214
2155533400
2150900342
354745
1323763133
2155527114
1908030622
2140439045
1928823411
1485643236
2163888616
2100558978
1926887508
1913299856
2102607031
2119795493
1844449890
2160464585
1361988914
189593
2118506306
1938019211
2605222984
1311345316
2159864562
1474157584
1343756008
402073808
2081845934
191134
1390026519
1892938288
2118463417
1830490788
1363342573
1803349526
2045806409
28411277
1297743782
2061994387
1358852243
1408941727
2108780054
526464293
2062623445
1807799505
167827
1371557617
2065926924
1331819951
2008994202
2145896224
2108786855
1844449888
25641209
1350658663
1380260564
1301575841
76973
2078736628
2162886475
2042915276
2102771373
2164408650
2134969797
1953125353
402073807
2604854219
1400258140
421423808
25641840
2141503447
2105065726
2125986764
1821461723
176039
2146463117
1874972712
1425643256
1974373035
354746
2123267459
2141284204
2111061739
306664
28427775
2120361972
2060966085
2060619042
412911436
2146179140
277822
2084091464
2120129778
1999000802
431853944
2602738687
442869198
354684
2105673223
1442452484
2038898728
1341571206
2064458728
2052403826
2604592456
1353010646
36664167
2115848306
2160394936
2141419793
2604937294
1374061036
1424460203
1450396701
31311126
1971144922
2100329012
28802028
2603519330
1458994212
1342823472
448547526
1954524453
2599542235
523041194
145695
29774430
22854070
1445767376
108111
461519911
2158973743
25714352
1413477626
1453325904
1995339514
29751469
29849904
1396005548
28996036
1960360542
1915191923
1873575452
2096689254
2132933209
1334295185
2163619024
2143278933
1482867143
2139343894
2082153437
2026224200
1954694243
2136484216
2104377399
2098494293
167876
2069215474
2138981894
2155423467
2145938474
2114791444
1454659226
150564
2141171631
1475596788
447925059
1961262000
1860614598
2600804126
2602863721
2042256453
165379
447925058
407435011
287284
1947208581
29535043
233900
526116066
2097443876
1997438791
28953033
25640409
29710882
2154907045
413831989
2158671564
1992402667
239164
1951952096
1425814935
327104
2159084928
2155423468
428375722
1945874959
27890306
1969822728
306665
1974444808
2601180813
2149832297
2019561436
2080824118
145371
2106090657
2082701271
2083785152
2046805500
1411110846
29567192
1861632812
1370880017
1355292203
1434062381
1429842120
2090568608
1343312408
442869469
33497044
31719603
1812673579
160031
1421806758
512090019
1989103160
2604849407
1913201543
473440527
2150255972
176066
2604907811
1454723856
2156161162
1974959291
1453614559
1393138949
2162980501
1918900536
2136635701
2065669099
2104663581
1862285337
1818731055
1897016511
1492899961
233880
239159
1953860648
2166788148
82203
488249475
208963
1835283152
2025525504
25642129
1918979108
1480378513
1812184263
1996584581
2009226812
2135437986
1940770243
34179910
28754096
2149816864
421563711
2159761961
2064479866
2056170681
2141683774
1884939199
1411991228
1368753797
2094920939
1296893537
2009233274
1454140144
442867219
1982721446
2024814812
467952048
150434
1877996649
2163619012
1837554003
2117555546
2138983274
2142666686
31789010
2153124553
234015
1406083061
2103368329
2163617297
2050390513
1431528167
1473721137
1852002765
1970610322
288121
2100329027
1473720189
28606605
2166790895
2147459217
150558
2155423469
22200072
2112739143
1298986140
2059716367
2166790737
2042836597
1890530891
1985478072
1940116025
1953853434
1873516487
2042836563
2161527760
1848190450
399342277
1899079967
2011879639
2052368104
1958150862
1983501304
2026222390
277686
2125007890
1303289043
32507839
1832622345
1442451772
2605280937
2131317056
29004400
1979274315
85575
1974443813
2059246226
29572767
2130390056
2061626302
27955653
465921195
26142919
2072606133
2142686877
1459675420
1958430831
1927693793
1406633327
1985413175
2083461893
202373
2601622269
407032014
1377450530
449577636
28059417
2023212774
2150320831
1891456146
1971912772
25640392
1814795257
150633
2139596470
1340678372
2156224407
2604909467
2047036140
1969908030
2006472464
36924207
2034187125
502043537
1882645729
2057534370
2159061173
2089113495
1851048378
2599523935
2139390811
442867220
30431368
2130412887
2163974549
30431367
2137895478
1383914586
2160957385
327235
1953873776
1417849873
545799107
2120206160
1909926107
2112196350
1368349338
85598
1929370422
2604909452
426852063
468517654
407002483
167655
2006204662
167873
2124381474
239205
233921
30612808
444323757
2148733913
2161934816
108099
1441208789
1343610114
2604213906
2103654684
1465226146
2095949732
1835283156
2105418801
2600518085
1315169726
555395231
2072639869
2025186881
2093526245
407450218
1888818524
1349381229
1415078941
200563
1906015837
2159876659
1918576268
2128664090
2122567141
29401226
1808078153
2155422573
1821461697
28310961
189895
2008448364
2154599552
2151157659
2166515190
412902950
491955271
1886172030
2601652162
2118809751
1365898499
2071935674
1945875456
2093312916
1907752448
2148786993
150565
1868874994
1393800989
557148288
2602954343
2022161654
288093
1493976789
2158974764
22200079
1989402883
1997293311
2144800058
354750
1406649619
2152764313
1490383490
1418131335
1960123567
1453162682
1472142718
1834562932
1376166020
2132073256
1885551650
2125023747
2133207055
2115791448
306651
150560
2147408166
2155773719
2078383612
1846272603
18637990
1948055313
1945874972
2057718119
1949073317
2114091634
405597568
28445720
866053503
1469628663
1931262830
29794922
1891384966
2060756274
41656275
409941446
2026565329
33599439
4878242
1938049567
1988456854
190042
2028166834
1968156067
2124385829
2151956989
29848657
2103368322
208927
1887139866
2147408170
1442020659
2149854703
2161154646
1451859559
2040829653
2166790756
2110385348
2114412527
2147150126
1932627926
1399533630
30431366
516776413
159933
2105390031
108104
1897066455
2160135430
2145086579
1443887056
2156162132
2083417395
1370891210
2094817741
2161527734
2143283731
1299424231
2123260998
2163681992
571338448
1471039968
2602864580
22740079
1914933323
1354504985
2023237043
1982706733
1498271589
1359357928
2091676435
2090271489
32507038
569214252
160023
442869196
2115793882
150617
1888855344
2164852326
1994503249
10308019
186348
25986099
1868943615
28661079
1468670779
2086635745
150432
2143230383
2121930377
2026224214
409647191
1453059551
2601180814
18637919
2161155720
1827600942
465721397
85585
1821864180
2135438113
2043125486
2116803517
2115121748
310728
472137697
2127938019
1888597030
28406199
25713074
1982695198
1442320451
2153765518
1930330170
1803674043
467595239
85578
28406660
1480378514
1388189858
2141281107
287011
1865854825
1412013401
2146490314
2604907613
2064091530
1980472718
2149910334
28029120
2599967853
327208
467595237
1396377448
1338149101
1333199831
557583012
1909927738
2154102353
2153424720
2104674906
2024901550
1315718569
32358362
1873049720
2116492708
573384240
354803
2159443504
1994784443
473817398
2123639303
2155410828
1936213794
552077916
1859926024
562675760
1975799630
316100
1851652156
25643328
25657354
2111500558
1964696171
2156439237
2050453744
2143367260
1362624611
165340
1971708616
1303273423
233846
2165813759
326984
2161527912
1979276263
1317457805
1814116265
1434062397
2164261150
2045090401
1835830441
1908049566
1406617132
2603345029
2022069284
1935311363
2135434542
1922361937
1899994040
507336695
399341494
2162395250
1477850679
25643327
2163596419
28892408
2130994370
1960360536
2150434918
2045946501
2085111962
420513158
2149826897
1449794966
1841252071
2041968047
1936399142
2060792857
2155894011
2108021465
19292804
2164338538
480579393
1471761548
2037756767
2144962026
1922673274
479850552
572903330
1812225658
2084336003
405253317
2027170192
2600433801
1982640357
28892418
2100672508
36199442
2007985520
1440148185
2128346817
2022068879
2149783096
423849357
1303464858
2083484308
544199008
1975753397
2134510626
2160551145
1976043722
1440148562
2118161413
27808044
19292852
2000586512
29816628
2034615687
507114512
205421
2123195337
2095253997
1859897481
189540
523042176
2061964449
2160455331
32619064
288075
1971449282
1396141677
2148689718
1995495097
176053
2604909429
2604863583
1400047314
1924850422
2160759088
1473720179
1472090563
2149190532
2154241840
2118463487
2083507523
25713073
2041253165
139602
2122625235
1970538714
2093298773
1424461685
1808831742
1335796961
2047756673
2114348701
2044809741
862100828
2066755285
33497051
26425119
1895377452
2042350565
2149816863
28029104
1969823206
2155962955
2055808604
473404348
191199
2130933471
2096461808
1386747696
2024861237
1895330088
27646693
85590
190082
529668356
1946268004
2117514017
2092524886
1922361805
2050614585
1980024417
33497050
2081530779
2141910889
25657348
1890661043
1449678888
1958727283
2600433775
306654
402073803
1457113272
2024391827
190067
1880796809
1969823070
1974443814
424496769
2146429400
2124385847
2061887794
2151849623
150433
82181
2066713227
1372925906
1979417838
2141105706
239202
1377574592
534952158
1955274656
1969101201
2123268128
2150863029
2021373243
1370879993
2118436736
440411424
1946802010
2023954033
1356464825
1818830945
22740077
2600431838
1880150797
1890494798
557583011
2138934540
4128805
1806303555
1878225963
2157855149
1496017614
2072639870
2043226371
2165735645
2161527194
287241
28232019
2144209098
1902251868
2036331318
569200210
409060879
189545
1929363849
1818291179
1938018495
2140427835
26145664
1830419924
2045332345
1358848615
409302060
2154129070
234014
277111
27747328
2032293645
19945735
2088079571
2137440730
2602863719
2025533834
85567
1321392748
1382576173
1819970423
1956525809
1362009196
2152928931
1410647903
1942701756
481859794
2061621151
1422476719
569200213
1409382131
28111340
1956064746
2121932251
2129322210
2163602178
2116492838
519935205
1876179147
1335151751
2600493765
2015577167
28285400
1442536285
1468515491
1378926893
1418090625
1888354232
2040270841
191248
1484361589
2064033095
436346833
36392026
2602990455
29897546
2138404176
2129220690
1950533495
1426233208
1898786072
1816716657
2101452536
187333
1957818892
1351752239
2166118136
2109558715
2602863718
2154607912
2104675626
1909360246
1368327462
2063793297
1980392063
1956517518
208891
2148786276
1906016165
2001367822
2138934534
1465114465
2089718318
2006448864
2116792369
2138002737
2032795866
2154955484
2063567749
1331885158
1956519418
1968053454
150520
447926063
569214247
2158553708
507364094
1429237296
1923482413
2602620760
2601178811
1995071414
1463165983
1941991030
1874632243
85573
239196
1987781816
160060
1912138027
2156518354
1996824967
145424
474932841
2124385868
1988544163
326962
415792881
2606297920
2163619026
2600318926
417859631
25648005
27747329
2042984221
150667
1922362038
2101789305
1908081426
2000374521
2065926820
1974414128
1842728629
2147480376
189586
2013101914
326990
2151741814
189602
2100375261
392516
1417862046
1403318151
2116879382
1906257966
2136779921
1965647402
1484967131
2103368325
2005783727
1467240495
29572502
1492023926
2147423683
2158975124
1945875436
25986093
1836117930
2600562545
18638060
354564
1941900429
2043169389
1433197009
2166118109
436514312
2146404212
2147267605
2148433153
82488
1496602635
1807535867
1985027951
1881471389
1461669613
2090363143
1406505663
1353236929
536099160
1899989255
2097850669
1813831223
2061888566
1394494933
1432582566
2602308843
569213220
2138934536
2085452852
1413473970
2031084942
1317494309
2164668035
2076752882
2096154312
2158603458
2135870144
2013742015
28341146
1950343972
2026587136
22740149
522352195
2129824728
5268108
399340494
2009226782
1363642136
1961792088
1441081104
2152184070
473740829
2054300084
2097531989
1462515184
1427664616
1909282233
2601893513
2116808569
160063
1353428264
2602863722
2143595404
34179901
2075821153
479408221
1965928052
2605177204
2135518885
1818646464
1818083999
409302053
1497362276
2156162129
1923203217
2053100690
408332757
2059815659
2149612361
1465290031
297488
1993392604
1980391900
30590559
425298905
1953853439
1808276984
2041973288
1873518697
2007336134
287939
1389394944
2124385833
190072
405599470
2036556394
2013400187
2124385834
1978036723
1908081373
36199053
2600557833
82123
2004693576
1491495234
2075919867
1945875425
1492864083
2135438114
1876160185
2065587747
150524
509781562
553546118
1873577252
2117449023
2138935804
1943043408
2004646133
1963765546
2158973295
2144606630
2605173170
208902
2163619022
1480380030
2156918772
526081111
2012390001
239223
2053617878
1382778514
2006229678
1347259970
2063837533
28190231
472361096
523046186
2162234625
30590170
1396305445
200436
2104715776
2156168573
1837036696
2042878838
1397345903
2152380404
1819024549
1882041535
25638923
19292984
229271
1941990933
2084401849
2603107551
1446764662
2056238975
2158155786
1965091487
1492008574
2163787654
1842025914
28793502
2078102164
1431519833
2166118105
2082296570
514765450
1951513623
1340607167
1390484461
2131401467
28445716
1416560550
1369044100
2150401702
277789
2006229677
2013805632
2012147291
1396023850
2055887708
2046990697
190057
1470882377
2155270989
2140157143
108124
82194
239138
2102417226
2160808643
36392025
2032433498
2163953992
2114347919
1963344815
2154103077
2148786998
2005484494
30621332
2164344542
2092566997
418603445
2158973630
2119795491
108119
1358848617
2166118641
2051752291
2099929255
1317542136
1340192075
234064
2025186889
2070614130
1444186157
186383
2116415423
29816660
190062
505451285
150552
2158546316
520464258
1478695871
33497040
2157928059
27591608
1958961030
2149835879
30431376
29764563
2109671307
1878315329
239198
2141242285
2600796513
1470907433
2060079395
2599870526
1457248123
26222226
1361789569
1847219367
2083798220
82455
2166787974
32192436
2163936030
239229
1964306225
442867218
26075648
200437
2063469675
2140334460
2148207298
233897
1452484710
1488990357
85583
2109685246
2083995071
1945875426
1885130659
1955978278
2045943936
2080447661
1443575075
2100690771
2164216336
2138120421
2163617296
441491167
1995446397
2156437430
2163619014
2053616406
2118813850
208889
2046805446
2120679763
2152181241
1817410059
490602750
28403111
1996413028
1807537867
1486060211
1903349476
454828902
1836808752
34228719
1336990677
2008741332
2110700883
85597
2070039926
2160227068
1400390603
1827600686
205449
1480090146
2116790620
2165445538
1928819457
2163974464
208948
29567191
26601005
1983456716
1442120421
573968818
2067368745
1301736461
2091672942
1814760746
464330131
1411464897
1519343
2138935803
150422
2123822458
421563713
1333264363
287705
1983800969
409060875
2160861794
1417856017
94365
1968060180
2161988154
2164345397
1430657585
1990192694
447281999
1453980074
233918
407007445
402070928
2007350849
1480380024
2115891040
569200212
1938029347
1461151783
239167
2141610707
1982939899
525278524
1966787498
1490851463
1979731860
1413988070
2163609585
29567187
288086
1415967630
2149816926
2604256419
441491828
2065995408
1430287528
239168
1995339653
2151854633
2155959321
2120125578
28029112
1475124792
2151201669
1363553440
2022397273
1951314926
2096458226
1948572170
1981557398
1983168596
2040835953
2149883104
36024806
2602622157
2121005392
416552642
2148786274
326887
1458789926
2009018928
2163309687
2156905050
2064062787
233881
2116533072
1486672308
1816007548
29561031
569214250
2043112316
2107947967
1835283154
1973741060
571340283
2101067848
354741
2067471252
2054190758
2049512697
276936
2065258712
19292987
1474414193
1945875469
509728806
191179
1360512113
407679569
1980024415