12541056
12127507
296416
2863
13022016
5550
3079
12200490
12236125
3684
12138252
963431
12065015
13608964
33709222
34316296
33984254
1143004
50424727
818242
12156137
49745789
12048239
10559
33897223
34248795
12178015
5793
32042995
187903
61831313
14930127
28076769
3348
12965411
1049699
35531
61386514
32712412
9981
1039296
1212038
56194859
30207301
13145036
7785
12200652
12064019
1049539
12085562
41556
94007859
14116394
9269
55040272
49457577
55549
32993223
12083570
33850806
187624
12965215
6652
12121264
7890
48277407
12868912
6068
4895
12138269
33462970
9611
3692
185858
32542861
167006
52472969
1185047
886022
12256364
13056440
53283055
1192268
5196
14077324
1204010
47192128
839689
196134
802016
13112601
12810141
12227865
35187624
5379
5768
34659452
12275767
12195296
9606
12429072
32097566
35794928
2119
12499721
12060040
34153241
13447730
53212744
8334
58149097
6731
96072
12287129
35882063
100850
12641765
1083118
36181946
1030001
9203
3707
12852319
12086073
9274
35949435
649505
865007
12276455
4723
1132392
166009
33515545
12157298
1081556
32220939
46396295
34055135
31155300
12441367
10209
30116848
62201168
28083231
7214
1199064
10561
31048722
60366336
34357551
1079074
27730224
727005
1155005
30129802
12232106
47058186
9126
4292
12073309
2852
12065096
31062880
976120
35526
33954709
905232
7424
8330
12304082
4941
34516758
56327902
9957
37123911
52113028
1038093
31376161
6481
51020749
32959015
48161
188681
57539469
847107
9954
57638077
1039895
690001
38118
3080
893267
12001060
49304907
15022168
59627132
37056973
10199
37334229
3066
50114693
9632
12730273
12090204
36850423
7227
12090100
38165
29392693
31758082
12553373
5538
61312535
9276
13282198
9881
7946
72720
45236
3699
33545743
12765265
1158005
12175349
5347
33017397
2525
14116995
865061
51868003
9987
9061
13899303
58160751
12529675
12520339
12144105
9939
3442
31366729
32827173
5349
31633639
13227488
5772
4479
1075078
2124
1007170
32244736
2843
1021293
3682
55066357
32980337
34337
10562
816248
33900743
11972054
12110173
784257
11097
10204
1060155
7762
12138038
4755
33578777
34494373
12030367
2849
49044240
3691
14925064
2516
30646978
30395569
27868624
1209050
1193259
844410
8022
990193
36775590
32602049
47197216
1049637
34339554
12676697
44266
1094010
6479
12127564
33070530
52093728
166010
12712
12383009
33863232
5518
1086078
7760
1192137
3793
36341115
12084020
32795025
3697
187081
12787662
1022037
6454
10558
30701997
2524
6288
12664439
27871957
10695
5354
37255369
3717
69173
12038239
6453
33794
35136304
1003026
12198387
12276375
11564
49937403
29303235
160729
181007
37616858
12286056
7063
34235344
820036
34288614
10473
12085016
27692716
37995
12127362
12184568
52048730
15199791
9668
2112
12140048
46274188
29051613
49713779
34637934
36715641
9489
12156273
12769394
29337
5781
37547047
166018
8329
35784564
33916406
7225
31055052
30643954
1203045
9712
12084497
7763
12172529
12061232
12432848
11514
961075
5198
12037117
7652
34862670
51088331
31002901
12441085
12468289
7219
3690
51957057
3056
140196
34563784
61454366
185832
12025552
59048864
31310684
33819797
33914460
6472
861777
1172023
49144727
7891
9255
7122
50293055
791534
12068095
30437391
8324
12051106
12912275
90331
12091129
13145283
238533
12570417
8851
1081293
36706730
12204711
31058553
32988392
909029
12965836
31002807
1211046
12646102
1024308
12971
12119618
12236269
49305791
3085
12232080
17301
31962859
1087200
12293217
12529648
12105057
1085047
5370
12968787
37058226
776761
57995030
10197
5771
12124013
33347494
9940
55812413
31662039
1197168
980025
47091532
12085424
4694
1143033
33008145
12936258
28262310
29785908
13159024
14312549
911131
12136078
301757
12788674
12457102
4393
31862479
16152
12081
14117457
54458015
3116
56856041
48345452
1038099
9609
6456
33480994
33435854
9438
12158158
28387245
6533
31051426
6309
2738
12079173
13113858
34908208
1025209
12923031
1058098
42950
12853605
33233126
50275485
13451886
66212
12605500
31297
51824214
12487174
12275698
1193004
52637913
56895942
1194094
12490553
12450235
36032190
12316085
34869392
30707953
2623
5346
1019154
46360442
4938
34326822
51521739
8926
10583
33072389
12631485
12051031
34433129
188565
9725
3689
32674400
956238
1085108
12760523
12523451
189873
6813
7896
35005076
6697
30855870
13197756
36985903
32645255
8402
188141
28642672
33097968
30704161
6066
12213291
1057092
29588305
5929
10200
70183
749038
34035556
90513
12111209
12464053
29235210
50492545
12626077
33259235
3706
33872026
12002248
12052056
5425
203031
29802127
46006
94779
12002201
57851822
12395708
33371675
38154
29304235
33165901
12193174
6452
6505
28071352
